# Granumid MIDI source - built-in demo phrase
# 2 bars of 4/4 at 120 BPM: bass, chord stabs and a 16th-note melody.
# Replace this by importing your own with Scripts/granumid_import.lua.
#
# header: magic version lengthBeats noteCount tempo tsNum tsDen markerCount + 4 reserved
7473
1
8.000000
36
120.000000
4
4
3
0, 0, 0, 0
# notes: startBeat, lengthBeats, pitch, velocity, channel
0.000000, 0.450000, 36, 108, 0
0.000000, 0.900000, 60, 88, 0
0.000000, 0.900000, 64, 82, 0
0.000000, 0.900000, 67, 76, 0
1.500000, 0.450000, 36, 108, 0
2.000000, 0.450000, 43, 108, 0
2.000000, 0.900000, 62, 88, 0
2.000000, 0.900000, 65, 82, 0
2.000000, 0.900000, 69, 76, 0
3.500000, 0.450000, 41, 108, 0
4.000000, 0.450000, 36, 108, 0
4.000000, 0.900000, 60, 88, 0
4.000000, 0.900000, 64, 82, 0
4.000000, 0.900000, 67, 76, 0
4.000000, 0.220000, 72, 70, 0
4.250000, 0.220000, 76, 79, 0
4.500000, 0.220000, 79, 88, 0
4.750000, 0.220000, 76, 97, 0
5.000000, 0.220000, 74, 70, 0
5.250000, 0.220000, 77, 79, 0
5.500000, 0.450000, 36, 108, 0
5.500000, 0.220000, 81, 88, 0
5.750000, 0.220000, 77, 97, 0
6.000000, 0.450000, 38, 108, 0
6.000000, 0.900000, 59, 88, 0
6.000000, 0.900000, 62, 82, 0
6.000000, 0.900000, 67, 76, 0
6.000000, 0.220000, 72, 70, 0
6.250000, 0.220000, 76, 79, 0
6.500000, 0.220000, 79, 88, 0
6.750000, 0.220000, 84, 97, 0
7.000000, 0.220000, 79, 70, 0
7.250000, 0.220000, 74, 79, 0
7.500000, 0.450000, 43, 108, 0
7.500000, 0.220000, 71, 88, 0
7.750000, 0.220000, 67, 97, 0
# slice markers (beats)
2.000000
4.000000
6.000000
